219460  0.8063  543.687  13.777  2.500
219470  0.8063  543.687  13.777  2.500
User halted the optimization.
solution fitness:  0.806315
iterations: 219472
ele_dia(cm), material code, n1 coord(m), n2 coord(m), FOS,fMode
 1.421637 s  0.500  0.500 -0.473  1.000  0.000  0.000  2.508 b
 0.618039 s  1.000  0.000  0.000  0.000  0.000  0.000  7.183 t
 1.349802 s  0.500  0.500 -0.473  0.000  0.000  0.000  2.508 b
 0.618039 s  0.000  0.000  0.000  0.000  1.000  0.000  7.166 t
 1.854866 s  0.500  0.500 -0.473  0.000  1.000  0.000  2.554 b
 2.327270 s  0.500  0.500 -0.473  1.000  1.000  0.000  2.552 b
 0.618039 s  1.000  0.000  0.000  1.000  1.000  0.000  7.784 t
 0.618039 s  0.000  1.000  0.000  1.000  1.000  0.000  11.524 t
 1.440056 s  3.545  0.589 -0.455  3.000  0.000  0.000  2.512 b
 0.618039 s  3.000  0.000  0.000  2.418  0.573 -0.445  2.631 b
 1.670407 s  3.545  0.589 -0.455  2.418  0.573 -0.445  25.834 t
 0.742445 s  2.418  0.573 -0.445  2.000  0.000  0.000  2.577 b
 1.462282 s  2.000  0.000  0.000  1.434  0.615 -0.416  2.500 b
 1.591119 s  2.418  0.573 -0.445  1.434  0.615 -0.416  23.906 t
 1.198359 s  1.483  1.481 -0.354  2.000  1.000  0.000  10.024 t
 1.864014 s  1.434  0.615 -0.416  2.000  1.000  0.000  3.060 b
 1.452308 s  1.434  0.615 -0.416  1.483  1.481 -0.354  2.519 b
 0.973146 s  2.532  1.560 -0.361  3.000  1.000  0.000  9.934 t
 0.618039 s  2.418  0.573 -0.445  3.000  1.000  0.000  93.615 t
 1.045557 s  2.418  0.573 -0.445  2.532  1.560 -0.361  3.108 b
 1.056520 s  1.000  0.000  0.000  2.000  0.000  0.000  2.576 b
 0.962347 s  1.000  0.000  0.000  1.434  0.615 -0.416  38.127 t
 1.422109 s  1.000  1.000  0.000  1.434  0.615 -0.416  6.353 t
 0.618039 s  2.000  0.000  0.000  2.000  1.000  0.000  5.119 t
 2.107119 s  1.000  1.000  0.000  2.000  1.000  0.000  2.512 b
 0.618039 s  2.418  0.573 -0.445  2.000  1.000  0.000  44.173 t
 1.774532 s  3.545  0.589 -0.455  3.000  1.000  0.000  2.850 b
 0.949773 s  1.000  1.000  0.000  1.483  1.481 -0.354  30.202 t
 1.095442 s  2.000  1.000  0.000  2.532  1.560 -0.361  13.283 t
 1.438139 s  3.000  0.000  0.000  2.000  0.000  0.000  2.549 b
 0.618039 s  3.000  0.000  0.000  3.000  1.000  0.000  5.779 t
 2.340026 s  2.000  1.000  0.000  3.000  1.000  0.000  2.588 b
 1.436964 s  4.500  0.500 -0.473  4.000  0.000  0.000  2.573 b
 1.035208 s  3.545  0.589 -0.455  4.000  0.000  0.000  43.068 t
 1.938876 s  3.545  0.589 -0.455  4.500  0.500 -0.473  2.502 b
 1.416662 s  4.453  1.388 -0.396  5.000  1.000  0.000  7.347 t
 1.881333 s  4.500  0.500 -0.473  5.000  1.000  0.000  2.524 b
 2.925700 s  4.500  0.500 -0.473  4.453  1.388 -0.396  3.059 b
 0.913746 s  3.666  1.508 -0.405  4.000  1.000  0.000  43.805 t
 1.677116 s  3.545  0.589 -0.455  4.000  1.000  0.000  9.160 t
 1.469846 s  3.545  0.589 -0.455  3.666  1.508 -0.405  2.501 b
 1.069390 s  3.000  0.000  0.000  4.000  0.000  0.000  2.513 b
 0.618039 s  4.000  0.000  0.000  4.000  1.000  0.000  7.493 t
 2.147474 s  3.000  1.000  0.000  4.000  1.000  0.000  2.502 b
 2.338208 s  4.500  0.500 -0.473  4.000  1.000  0.000  2.517 b
 1.017967 s  3.000  1.000  0.000  3.666  1.508 -0.405  9.639 t
 1.767653 s  4.453  1.388 -0.396  4.000  1.000  0.000  8.214 t
 1.348694 s  4.500  0.500 -0.473  5.000  0.000  0.000  2.500 b
 0.618039 s  4.000  0.000  0.000  5.000  0.000  0.000  7.183 t
 0.618039 s  5.000  1.000  0.000  5.000  0.000  0.000  7.167 t
 0.618039 s  5.000  1.000  0.000  4.000  1.000  0.000  40.226 t
 1.696647 s  1.000  1.000  0.000  0.477  1.389 -0.389  7.810 t
 1.194393 s  1.483  1.481 -0.354  0.477  1.389 -0.389  2.572 b
 1.046526 s  1.483  1.481 -0.354  1.000  2.000  0.000  21.912 t
 2.097231 s  0.477  1.389 -0.389  1.000  2.000  0.000  2.501 b
 1.520946 s  0.000  1.000  0.000  0.477  1.389 -0.389  9.768 t
 2.782621 s  0.500  0.500 -0.473  0.477  1.389 -0.389  2.615 b
 2.044149 s  0.500  0.500 -0.473  1.434  0.615 -0.416  2.500 b
 1.897104 s  0.000  1.000  0.000  0.000  2.000  0.000  2.523 b
 2.052804 s  0.477  1.389 -0.389  0.000  2.000  0.000  2.539 b
 2.278351 s  1.000  1.000  0.000  1.000  2.000  0.000  3.015 b
 0.618039 s  1.000  2.000  0.000  0.000  2.000  0.000  10.279 t
 1.849114 s  3.666  1.508 -0.405  3.000  2.000  0.000  2.500 b
 0.883230 s  2.532  1.560 -0.361  3.666  1.508 -0.405  14.869 t
 1.143393 s  2.532  1.560 -0.361  3.000  2.000  0.000  2.600 b
 0.911113 s  1.483  1.481 -0.354  2.532  1.560 -0.361  16.743 t
 0.973049 s  1.573  2.422 -0.399  2.000  2.000  0.000  9.176 t
 1.673068 s  1.483  1.481 -0.354  2.000  2.000  0.000  2.524 b
 1.532491 s  1.483  1.481 -0.354  1.573  2.422 -0.399  23.528 t
 1.127039 s  1.000  2.000  0.000  1.573  2.422 -0.399  13.578 t
 1.802235 s  2.000  1.000  0.000  2.000  2.000  0.000  2.502 b
 1.781626 s  1.000  2.000  0.000  2.000  2.000  0.000  2.560 b
 1.259171 s  2.532  1.560 -0.361  2.000  2.000  0.000  2.674 b
 1.318917 s  3.000  2.000  0.000  3.514  2.499 -0.367  12.337 t
 0.618039 s  3.666  1.508 -0.405  3.514  2.499 -0.367  29.880 t
 0.804909 s  3.000  2.000  0.000  2.441  2.508 -0.424  9.463 t
 1.484905 s  2.532  1.560 -0.361  2.441  2.508 -0.424  11.456 t
 1.738926 s  3.000  1.000  0.000  3.000  2.000  0.000  2.512 b
 1.903731 s  3.000  2.000  0.000  2.000  2.000  0.000  2.501 b
 1.456723 s  4.453  1.388 -0.396  3.666  1.508 -0.405  2.510 b
 0.745278 s  2.000  2.000  0.000  2.441  2.508 -0.424  10.462 t
 0.696698 s  3.514  2.499 -0.367  4.000  2.000  0.000  8.692 t
 1.034173 s  3.666  1.508 -0.405  4.000  2.000  0.000  10.052 t
 2.215250 s  4.000  1.000  0.000  4.000  2.000  0.000  2.511 b
 1.646477 s  3.000  2.000  0.000  4.000  2.000  0.000  2.510 b
 2.147063 s  4.453  1.388 -0.396  4.000  2.000  0.000  2.562 b
 1.522497 s  4.489  2.354 -0.384  5.000  2.000  0.000  7.651 t
 2.128079 s  4.453  1.388 -0.396  5.000  2.000  0.000  2.528 b
 2.089708 s  4.453  1.388 -0.396  4.489  2.354 -0.384  2.536 b
 1.934329 s  5.000  1.000  0.000  5.000  2.000  0.000  2.534 b
 0.618039 s  4.000  2.000  0.000  5.000  2.000  0.000  4.728 t
 1.263701 s  4.000  2.000  0.000  4.489  2.354 -0.384  7.084 t
 1.343528 s  1.000  2.000  0.000  0.463  2.442 -0.330  8.568 t
 0.711690 s  1.573  2.422 -0.399  0.463  2.442 -0.330  19.763 t
 1.106098 s  0.000  3.000  0.000  0.529  3.443 -0.495  9.107 t
 1.796255 s  0.463  2.442 -0.330  0.529  3.443 -0.495  12.215 t
 1.794843 s  0.463  2.442 -0.330  0.000  3.000  0.000  2.573 b
 0.893296 s  0.529  3.443 -0.495  1.000  3.000  0.000  16.317 t
 1.698709 s  0.463  2.442 -0.330  1.000  3.000  0.000  2.502 b
 1.842464 s  0.000  2.000  0.000  0.463  2.442 -0.330  9.941 t
 2.579931 s  0.000  2.000  0.000  0.000  3.000  0.000  2.802 b
 2.603721 s  1.000  2.000  0.000  1.000  3.000  0.000  2.500 b
 0.722635 s  0.000  3.000  0.000  1.000  3.000  0.000  5.209 t
 0.831455 s  1.573  2.422 -0.399  1.000  3.000  0.000  2.568 b
 1.324769 s  1.573  2.422 -0.399  2.441  2.508 -0.424  16.337 t
 0.930731 s  2.000  3.000  0.000  2.461  3.520 -0.544  20.584 t
 1.736207 s  2.441  2.508 -0.424  2.461  3.520 -0.544  9.324 t
 1.142379 s  2.441  2.508 -0.424  2.000  3.000  0.000  2.528 b
 0.618039 s  2.000  3.000  0.000  1.519  3.514 -0.556  28.934 t
 1.414292 s  1.573  2.422 -0.399  2.000  3.000  0.000  2.505 b
 1.563906 s  1.573  2.422 -0.399  1.519  3.514 -0.556  8.507 t
 2.240483 s  2.000  2.000  0.000  2.000  3.000  0.000  2.509 b
 1.096358 s  1.000  3.000  0.000  2.000  3.000  0.000  2.621 b
 0.863773 s  3.514  2.499 -0.367  2.441  2.508 -0.424  14.534 t
 0.778442 s  1.000  3.000  0.000  1.519  3.514 -0.556  25.509 t
 0.618039 s  3.417  3.478 -0.504  4.000  3.000  0.000  31.948 t
 0.955206 s  3.514  2.499 -0.367  4.000  3.000  0.000  34.575 t
 1.538189 s  3.514  2.499 -0.367  3.417  3.478 -0.504  10.962 t
 0.948341 s  2.441  2.508 -0.424  3.000  3.000  0.000  2.505 b
 2.261266 s  3.000  2.000  0.000  3.000  3.000  0.000  2.636 b
 1.400069 s  2.000  3.000  0.000  3.000  3.000  0.000  2.604 b
 1.487245 s  3.514  2.499 -0.367  3.000  3.000  0.000  2.521 b
 0.618039 s  3.514  2.499 -0.367  4.489  2.354 -0.384  24.999 t
 0.618039 s  3.429  4.463 -0.518  4.000  4.000  0.000  61.597 b
 0.810098 s  3.417  3.478 -0.504  4.000  4.000  0.000  2.523 b
 1.616658 s  3.417  3.478 -0.504  3.429  4.463 -0.518  8.849 t
 0.618039 s  2.461  3.520 -0.544  3.000  3.000  0.000  354.980 t
 2.635154 s  4.000  2.000  0.000  4.000  3.000  0.000  2.516 b
 0.903584 s  4.000  3.000  0.000  3.000  3.000  0.000  2.546 b
 1.766721 s  4.489  2.354 -0.384  4.000  3.000  0.000  2.512 b
 0.920192 s  3.417  3.478 -0.504  3.000  3.000  0.000  20.654 t
 1.276908 s  4.537  3.416 -0.486  5.000  3.000  0.000  10.181 t
 1.966696 s  4.489  2.354 -0.384  5.000  3.000  0.000  2.517 b
 1.789576 s  4.489  2.354 -0.384  4.537  3.416 -0.486  11.272 t
 2.499833 s  5.000  2.000  0.000  5.000  3.000  0.000  2.586 b
 0.789406 s  4.000  3.000  0.000  5.000  3.000  0.000  5.787 t
 0.839379 s  4.000  3.000  0.000  4.537  3.416 -0.486  13.084 t
 0.648755 s  0.529  3.443 -0.495  1.519  3.514 -0.556  14.786 t
 0.949464 s  1.519  3.514 -0.556  1.000  4.000  0.000  2.513 b
 1.359439 s  0.529  3.443 -0.495  1.000  4.000  0.000  2.519 b
 0.618039 s  1.000  4.000  0.000  0.538  4.569 -0.533  60.796 t
 2.232471 s  0.529  3.443 -0.495  0.538  4.569 -0.533  10.007 t
 2.854128 s  0.000  3.000  0.000  0.000  4.000  0.000  3.039 b
 1.595210 s  0.529  3.443 -0.495  0.000  4.000  0.000  2.585 b
 2.774392 s  1.000  3.000  0.000  1.000  4.000  0.000  2.623 b
 0.618039 s  1.000  4.000  0.000  0.000  4.000  0.000  6.556 t
 1.105692 s  2.461  3.520 -0.544  3.417  3.478 -0.504  18.057 t
 0.618039 s  2.461  3.520 -0.544  1.519  3.514 -0.556  15.284 t
 0.852236 s  0.538  4.569 -0.533  0.000  4.000  0.000  14.833 t
 0.618039 s  1.566  4.617 -0.607  2.000  4.000  0.000  4.234 b
 1.220812 s  1.519  3.514 -0.556  2.000  4.000  0.000  2.523 b
 2.029170 s  1.519  3.514 -0.556  1.566  4.617 -0.607  11.822 t
 2.393503 s  2.000  3.000  0.000  2.000  4.000  0.000  2.500 b
 0.618039 s  1.000  4.000  0.000  2.000  4.000  0.000  16.804 t
 1.117892 s  2.461  3.520 -0.544  2.000  4.000  0.000  2.544 b
 1.298052 s  3.417  3.478 -0.504  3.000  4.000  0.000  2.532 b
 1.197496 s  2.461  3.520 -0.544  3.000  4.000  0.000  2.612 b
 0.618039 s  3.000  4.000  0.000  2.437  4.644 -0.573  182.388 t
 1.970656 s  2.461  3.520 -0.544  2.437  4.644 -0.573  9.781 t
 1.055334 s  3.000  5.000  0.000  3.416  5.445 -0.536  3.037 b
 1.976372 s  3.429  4.463 -0.518  3.416  5.445 -0.536  11.801 t
 1.076639 s  3.429  4.463 -0.518  3.000  5.000  0.000  3.227 b
 2.372105 s  3.000  3.000  0.000  3.000  4.000  0.000  2.511 b
 0.618039 s  2.000  4.000  0.000  3.000  4.000  0.000  69.532 t
 0.741808 s  3.417  3.478 -0.504  4.537  3.416 -0.486  24.020 t
 1.559485 s  4.000  4.000  0.000  4.537  3.416 -0.486  2.502 b
 0.618039 s  2.000  4.000  0.000  2.437  4.644 -0.573  22.093 t
 0.942266 s  3.429  4.463 -0.518  3.000  4.000  0.000  24.689 t
 2.757949 s  4.000  3.000  0.000  4.000  4.000  0.000  2.501 b
 0.618039 s  4.000  4.000  0.000  3.000  4.000  0.000  5.735 b
 0.792612 s  4.471  4.430 -0.511  5.000  4.000  0.000  23.085 t
 1.507773 s  4.537  3.416 -0.486  5.000  4.000  0.000  2.543 b
 2.178398 s  4.537  3.416 -0.486  4.471  4.430 -0.511  8.477 t
 2.963840 s  5.000  3.000  0.000  5.000  4.000  0.000  3.501 b
 0.618039 s  4.000  4.000  0.000  5.000  4.000  0.000  7.751 t
 0.845142 s  4.000  4.000  0.000  4.471  4.430 -0.511  19.345 t
 1.160921 s  0.000  5.000  0.000  0.485  5.517 -0.548  2.780 b
 2.252061 s  0.538  4.569 -0.533  0.485  5.517 -0.548  9.103 t
 1.160805 s  0.538  4.569 -0.533  0.000  5.000  0.000  2.519 b
 1.195934 s  1.566  4.617 -0.607  1.000  5.000  0.000  2.568 b
 0.942892 s  0.538  4.569 -0.533  1.566  4.617 -0.607  24.869 t
 0.773590 s  0.538  4.569 -0.533  1.000  5.000  0.000  2.716 b
 0.618039 s  1.000  4.000  0.000  1.566  4.617 -0.607  54.492 t
 1.271978 s  0.485  5.517 -0.548  1.000  5.000  0.000  2.656 b
 2.937244 s  0.000  4.000  0.000  0.000  5.000  0.000  3.055 b
 2.787033 s  1.000  4.000  0.000  1.000  5.000  0.000  2.500 b
 1.078411 s  0.000  5.000  0.000  1.000  5.000  0.000  22.953 t
 1.140591 s  1.566  4.617 -0.607  2.437  4.644 -0.573  23.016 t
 1.035839 s  2.437  4.644 -0.573  2.000  5.000  0.000  3.132 b
 1.181036 s  1.566  4.617 -0.607  2.000  5.000  0.000  2.645 b
 0.618039 s  2.000  5.000  0.000  1.557  5.484 -0.503  130.049 t
 1.948528 s  1.566  4.617 -0.607  1.557  5.484 -0.503  9.583 t
 0.992947 s  1.000  5.000  0.000  1.557  5.484 -0.503  28.783 t
 2.494295 s  2.000  4.000  0.000  2.000  5.000  0.000  2.677 b
 0.618039 s  1.000  5.000  0.000  2.000  5.000  0.000  18.907 t
 0.883148 s  3.429  4.463 -0.518  2.437  4.644 -0.573  29.920 t
 0.769056 s  3.000  5.000  0.000  2.483  5.481 -0.551  2.659 b
 0.895857 s  2.437  4.644 -0.573  3.000  5.000  0.000  2.523 b
 2.048571 s  2.437  4.644 -0.573  2.483  5.481 -0.551  9.636 t
 1.209226 s  2.000  6.000  0.000  2.485  6.415 -0.570  2.502 b
 2.075275 s  2.483  5.481 -0.551  2.485  6.415 -0.570  10.394 t
 0.833482 s  2.483  5.481 -0.551  2.000  6.000  0.000  31.185 t
 2.538861 s  3.000  4.000  0.000  3.000  5.000  0.000  2.848 b
 0.618039 s  3.000  5.000  0.000  2.000  5.000  0.000  51.240 t
 0.862850 s  3.429  4.463 -0.518  4.471  4.430 -0.511  18.136 t
 0.695801 s  2.000  5.000  0.000  2.483  5.481 -0.551  94.122 t
 0.858988 s  3.416  5.445 -0.536  4.000  5.000  0.000  2.574 b
 0.618039 s  3.429  4.463 -0.518  4.000  5.000  0.000  2.549 b
 2.842015 s  4.000  4.000  0.000  4.000  5.000  0.000  2.566 b
 0.830198 s  3.000  5.000  0.000  4.000  5.000  0.000  31.526 t
 1.002737 s  4.471  4.430 -0.511  4.000  5.000  0.000  2.885 b
 1.319953 s  4.471  5.388 -0.570  5.000  5.000  0.000  2.527 b
 0.618039 s  4.471  4.430 -0.511  5.000  5.000  0.000  3.346 b
 2.460601 s  4.471  4.430 -0.511  4.471  5.388 -0.570  10.002 t
 2.946515 s  5.000  4.000  0.000  5.000  5.000  0.000  3.128 b
 0.706349 s  4.000  5.000  0.000  5.000  5.000  0.000  10.135 t
 1.135467 s  4.000  5.000  0.000  4.471  5.388 -0.570  2.534 b
 0.618039 s  3.416  5.445 -0.536  4.471  5.388 -0.570  20.057 t
 0.618039 s  0.485  5.517 -0.548  1.557  5.484 -0.503  38.180 t
 1.751315 s  0.502  7.602 -0.328  1.000  7.000  0.000  2.501 b
 1.127628 s  1.000  7.000  0.000  0.487  6.456 -0.495  16.901 t
 1.508822 s  0.502  7.602 -0.328  0.487  6.456 -0.495  10.029 t
 1.313315 s  0.487  6.456 -0.495  1.000  6.000  0.000  2.650 b
 0.729545 s  0.485  5.517 -0.548  1.000  6.000  0.000  2.649 b
 1.809553 s  0.485  5.517 -0.548  0.487  6.456 -0.495  6.838 t
 3.051661 s  0.000  5.000  0.000  0.000  6.000  0.000  3.559 b
 0.970258 s  0.485  5.517 -0.548  0.000  6.000  0.000  19.663 t
 2.796089 s  1.000  5.000  0.000  1.000  6.000  0.000  2.511 b
 0.618039 s  1.000  6.000  0.000  0.000  6.000  0.000  6.943 t
 0.618039 s  1.557  5.484 -0.503  1.000  6.000  0.000  21.563 t
 0.618039 s  1.557  5.484 -0.503  2.483  5.481 -0.551  37.881 t
 1.509968 s  0.487  6.456 -0.495  0.000  6.000  0.000  2.684 b
 1.242931 s  2.000  6.000  0.000  1.615  6.589 -0.470  2.653 b
 0.618039 s  1.557  5.484 -0.503  2.000  6.000  0.000  32.411 t
 2.054200 s  1.557  5.484 -0.503  1.615  6.589 -0.470  10.613 t
 2.499836 s  2.000  5.000  0.000  2.000  6.000  0.000  2.556 b
 0.618039 s  2.000  6.000  0.000  1.000  6.000  0.000  35.984 t
 1.122538 s  3.416  5.445 -0.536  2.483  5.481 -0.551  28.269 t
 1.300780 s  2.485  6.415 -0.570  3.000  6.000  0.000  2.575 b
 0.785003 s  2.483  5.481 -0.551  3.000  6.000  0.000  41.415 t
 2.513551 s  3.000  5.000  0.000  3.000  6.000  0.000  2.726 b
 0.618039 s  2.000  6.000  0.000  3.000  6.000  0.000  41.529 t
 1.077757 s  3.416  5.445 -0.536  3.000  6.000  0.000  44.183 t
 0.776441 s  4.471  5.388 -0.570  4.000  6.000  0.000  23.697 t
 0.618039 s  3.416  5.445 -0.536  4.000  6.000  0.000  2.659 b
 0.702468 s  4.000  6.000  0.000  3.521  6.560 -0.496  2.511 b
 1.582911 s  3.416  5.445 -0.536  3.521  6.560 -0.496  8.517 t
 2.856092 s  4.000  5.000  0.000  4.000  6.000  0.000  2.644 b
 0.726950 s  3.000  6.000  0.000  4.000  6.000  0.000  2.520 b
 0.618039 s  1.000  7.000  0.000  1.615  6.589 -0.470  24.485 t
 0.618039 s  0.487  6.456 -0.495  1.615  6.589 -0.470  157.737 t
 1.237399 s  3.000  6.000  0.000  3.521  6.560 -0.496  2.500 b
 1.540657 s  4.553  6.594 -0.538  5.000  6.000  0.000  2.684 b
 0.853533 s  4.471  5.388 -0.570  5.000  6.000  0.000  21.398 t
 2.061134 s  4.471  5.388 -0.570  4.553  6.594 -0.538  8.303 t
 2.824667 s  5.000  5.000  0.000  5.000  6.000  0.000  2.719 b
 0.618039 s  4.000  6.000  0.000  5.000  6.000  0.000  9.118 t
 1.534796 s  4.000  6.000  0.000  4.553  6.594 -0.538  2.537 b
 1.071860 s  1.000  6.000  0.000  1.615  6.589 -0.470  2.533 b
 1.675791 s  1.472  7.552 -0.429  2.000  7.000  0.000  2.694 b
 1.407316 s  1.615  6.589 -0.470  2.000  7.000  0.000  26.969 t
 1.814285 s  1.615  6.589 -0.470  1.472  7.552 -0.429  10.818 t
 2.747303 s  0.000  6.000  0.000  0.000  7.000  0.000  2.565 b
 1.247475 s  0.487  6.456 -0.495  0.000  7.000  0.000  10.464 t
 2.774211 s  1.000  7.000  0.000  1.000  6.000  0.000  2.580 b
 0.834509 s  1.000  7.000  0.000  0.000  7.000  0.000  5.510 t
 0.871882 s  2.485  6.415 -0.570  1.615  6.589 -0.470  14.581 t
 0.815414 s  4.553  6.594 -0.538  4.000  7.000  0.000  19.744 t
 0.618039 s  3.521  6.560 -0.496  4.553  6.594 -0.538  57.711 t
 1.079360 s  3.521  6.560 -0.496  4.000  7.000  0.000  26.808 t
 1.901257 s  0.502  7.602 -0.328  0.000  7.000  0.000  2.555 b
 2.442964 s  2.000  6.000  0.000  2.000  7.000  0.000  2.659 b
 0.618039 s  1.000  7.000  0.000  2.000  7.000  0.000  59.181 t
 0.618039 s  2.485  6.415 -0.570  2.000  7.000  0.000  6.863 b
 0.752956 s  2.485  6.415 -0.570  3.521  6.560 -0.496  17.428 t
 0.618039 s  1.000  7.000  0.000  1.472  7.552 -0.429  4.037 b
 0.904784 s  4.000  7.000  0.000  3.527  7.663 -0.398  2.560 b
 1.807481 s  3.521  6.560 -0.496  3.527  7.663 -0.398  13.790 t
 0.995207 s  2.485  6.415 -0.570  3.000  7.000  0.000  29.880 t
 2.389410 s  3.000  6.000  0.000  3.000  7.000  0.000  2.563 b
 1.330885 s  2.000  7.000  0.000  3.000  7.000  0.000  2.511 b
 0.618039 s  3.521  6.560 -0.496  3.000  7.000  0.000  131.897 t
 1.449505 s  3.000  7.000  0.000  2.522  7.471 -0.396  6.504 b
 1.792928 s  2.485  6.415 -0.570  2.522  7.471 -0.396  9.947 t
 2.827209 s  4.000  6.000  0.000  4.000  7.000  0.000  2.740 b
 1.007194 s  4.000  7.000  0.000  3.000  7.000  0.000  2.577 b
 1.471710 s  3.527  7.663 -0.398  3.000  7.000  0.000  2.503 b
 1.873771 s  4.522  7.629 -0.355  5.000  7.000  0.000  2.526 b
 1.092916 s  4.553  6.594 -0.538  5.000  7.000  0.000  9.911 t
 1.898900 s  4.553  6.594 -0.538  4.522  7.629 -0.355  12.351 t
 2.733002 s  5.000  6.000  0.000  5.000  7.000  0.000  2.618 b
 0.765418 s  4.000  7.000  0.000  5.000  7.000  0.000  5.222 t
 1.746350 s  4.000  7.000  0.000  4.522  7.629 -0.355  2.507 b
 0.970760 s  3.527  7.663 -0.398  2.522  7.471 -0.396  11.955 t
 0.781424 s  2.000  7.000  0.000  2.522  7.471 -0.396  2.511 b
 0.618039 s  0.502  7.602 -0.328  1.472  7.552 -0.429  38.129 t
 1.593386 s  1.578  8.521 -0.315  2.000  8.000  0.000  2.535 b
 1.231175 s  1.472  7.552 -0.429  2.000  8.000  0.000  17.776 t
 1.249553 s  1.472  7.552 -0.429  1.578  8.521 -0.315  18.445 t
 2.130772 s  0.537  8.597 -0.385  1.000  8.000  0.000  2.563 b
 1.516420 s  0.502  7.602 -0.328  1.000  8.000  0.000  9.679 t
 2.247766 s  0.502  7.602 -0.328  0.537  8.597 -0.385  2.529 b
 2.488737 s  0.000  7.000  0.000  0.000  8.000  0.000  2.531 b
 1.627370 s  0.502  7.602 -0.328  0.000  8.000  0.000  8.805 t
 2.594343 s  1.000  7.000  0.000  1.000  8.000  0.000  2.517 b
 0.618039 s  1.000  8.000  0.000  0.000  8.000  0.000  7.033 t
 1.267396 s  1.472  7.552 -0.429  1.000  8.000  0.000  16.852 t
 0.920789 s  2.522  7.471 -0.396  2.000  8.000  0.000  16.032 t
 0.947388 s  1.472  7.552 -0.429  2.522  7.471 -0.396  12.499 t
 2.042582 s  0.537  8.597 -0.385  0.000  8.000  0.000  2.504 b
 1.265902 s  1.578  8.521 -0.315  1.000  8.000  0.000  14.912 t
 2.240111 s  2.000  7.000  0.000  2.000  8.000  0.000  2.527 b
 1.819408 s  2.000  8.000  0.000  1.000  8.000  0.000  2.506 b
 1.366066 s  1.578  8.521 -0.315  0.537  8.597 -0.385  2.520 b
 0.827083 s  3.527  7.663 -0.398  3.000  8.000  0.000  17.192 t
 1.395632 s  2.522  7.471 -0.396  3.000  8.000  0.000  15.219 t
 1.569459 s  3.000  8.000  0.000  3.488  8.447 -0.374  2.533 b
 1.775330 s  3.527  7.663 -0.398  3.488  8.447 -0.374  30.427 t
 1.370383 s  3.000  8.000  0.000  2.444  8.620 -0.361  2.516 b
 1.364607 s  2.522  7.471 -0.396  2.444  8.620 -0.361  12.884 t
 2.241214 s  3.000  7.000  0.000  3.000  8.000  0.000  2.521 b
 1.970861 s  2.000  8.000  0.000  3.000  8.000  0.000  2.516 b
 0.618039 s  3.527  7.663 -0.398  4.522  7.629 -0.355  6.283 b
 1.306212 s  2.000  8.000  0.000  2.444  8.620 -0.361  3.693 b
 2.048933 s  4.460  8.582 -0.390  5.000  8.000  0.000  2.565 b
 1.409827 s  4.522  7.629 -0.355  5.000  8.000  0.000  7.138 t
 2.056643 s  4.522  7.629 -0.355  4.460  8.582 -0.390  2.509 b
 1.302251 s  3.527  7.663 -0.398  4.000  8.000  0.000  18.344 t
 2.692981 s  4.000  7.000  0.000  4.000  8.000  0.000  2.788 b
 1.712504 s  3.000  8.000  0.000  4.000  8.000  0.000  2.512 b
 1.410780 s  4.522  7.629 -0.355  4.000  8.000  0.000  7.766 t
 1.007623 s  3.488  8.447 -0.374  4.000  8.000  0.000  12.473 t
 2.492125 s  5.000  7.000  0.000  5.000  8.000  0.000  2.533 b
 0.618039 s  5.000  8.000  0.000  4.000  8.000  0.000  4.902 t
 2.121613 s  4.460  8.582 -0.390  4.000  8.000  0.000  2.505 b
 1.228769 s  1.578  8.521 -0.315  2.444  8.620 -0.361  23.974 t
 2.363396 s  0.500  9.500 -0.473  1.000  9.000  0.000  3.013 b
 1.933512 s  0.537  8.597 -0.385  1.000  9.000  0.000  10.592 t
 2.928392 s  0.537  8.597 -0.385  0.500  9.500 -0.473  2.865 b
 1.897266 s  0.500  9.500 -0.473  0.000  9.000  0.000  2.534 b
 1.790182 s  0.537  8.597 -0.385  0.000  9.000  0.000  11.004 t
 1.968285 s  0.000  8.000  0.000  0.000  9.000  0.000  2.513 b
 2.141833 s  1.000  8.000  0.000  1.000  9.000  0.000  2.745 b
 0.618039 s  1.000  9.000  0.000  0.000  9.000  0.000  59.569 t
 0.618039 s  1.578  8.521 -0.315  1.000  9.000  0.000  37.978 t
 1.287842 s  3.488  8.447 -0.374  3.000  9.000  0.000  13.113 t
 1.065087 s  3.488  8.447 -0.374  2.444  8.620 -0.361  16.254 t
 1.262847 s  2.444  8.620 -0.361  3.000  9.000  0.000  24.704 t
 1.796648 s  1.427  9.441 -0.374  2.000  9.000  0.000  2.502 b
 1.297388 s  1.578  8.521 -0.315  2.000  9.000  0.000  12.713 t
 1.480000 s  1.578  8.521 -0.315  1.427  9.441 -0.374  2.509 b
 1.505622 s  3.506  9.472 -0.378  4.000  9.000  0.000  7.544 t
 0.701196 s  3.488  8.447 -0.374  4.000  9.000  0.000  23.645 t
 1.410089 s  3.488  8.447 -0.374  3.506  9.472 -0.378  2.567 b
 1.801711 s  2.000  8.000  0.000  2.000  9.000  0.000  2.500 b
 2.083817 s  1.000  9.000  0.000  2.000  9.000  0.000  2.525 b
 1.304457 s  3.488  8.447 -0.374  4.460  8.582 -0.390  2.507 b
 1.631578 s  1.000  9.000  0.000  1.427  9.441 -0.374  9.001 t
 0.618039 s  3.000  9.000  0.000  2.577  9.414 -0.376  118.560 t
 0.618039 s  2.444  8.620 -0.361  2.577  9.414 -0.376  3.531 b
 1.188807 s  2.444  8.620 -0.361  2.000  9.000  0.000  23.036 t
 1.813269 s  3.000  8.000  0.000  3.000  9.000  0.000  2.503 b
 2.349089 s  3.000  9.000  0.000  2.000  9.000  0.000  2.714 b
 1.541928 s  4.460  8.582 -0.390  4.000  9.000  0.000  6.448 t
 0.618039 s  2.000  9.000  0.000  2.577  9.414 -0.376  91.142 t
 1.760939 s  3.000  9.000  0.000  3.506  9.472 -0.378  2.624 b
 2.163730 s  4.000  8.000  0.000  4.000  9.000  0.000  2.655 b
 2.109985 s  3.000  9.000  0.000  4.000  9.000  0.000  2.504 b
 2.035997 s  4.500  9.500 -0.473  5.000  9.000  0.000  3.204 b
 1.716393 s  4.460  8.582 -0.390  5.000  9.000  0.000  9.462 t
 2.986557 s  4.460  8.582 -0.390  4.500  9.500 -0.473  3.176 b
 2.008275 s  5.000  8.000  0.000  5.000  9.000  0.000  2.525 b
 0.618039 s  4.000  9.000  0.000  5.000  9.000  0.000  82.286 t
 2.305731 s  4.000  9.000  0.000  4.500  9.500 -0.473  2.686 b
 2.113892 s  0.500  9.500 -0.473  1.427  9.441 -0.374  2.505 b
 1.380223 s  3.506  9.472 -0.378  3.000  10.000  0.000  2.501 b
 1.449821 s  3.506  9.472 -0.378  2.577  9.414 -0.376  43.554 t
 0.618039 s  2.577  9.414 -0.376  3.000  10.000  0.000  2.554 b
 2.232684 s  0.477  1.389 -0.389  0.463  2.442 -0.330  2.500 b
 0.618039 s  0.000  9.000  0.000  0.000  10.000  0.000  7.166 t
 1.349184 s  0.500  9.500 -0.473  0.000  10.000  0.000  2.504 b
 1.372219 s  0.500  9.500 -0.473  1.000  10.000  0.000  2.524 b
 0.618039 s  1.000  9.000  0.000  1.000  10.000  0.000  7.292 t
 0.618039 s  0.000  10.000  0.000  1.000  10.000  0.000  7.183 t
 0.618039 s  1.427  9.441 -0.374  1.000  10.000  0.000  56.299 t
 1.139306 s  1.427  9.441 -0.374  2.577  9.414 -0.376  28.148 t
 1.471221 s  1.427  9.441 -0.374  2.000  10.000  0.000  2.501 b
 0.618039 s  2.000  9.000  0.000  2.000  10.000  0.000  5.009 t
 0.849459 s  1.000  10.000  0.000  2.000  10.000  0.000  3.869 b
 0.618039 s  2.577  9.414 -0.376  2.000  10.000  0.000  8.160 b
 0.618039 s  3.000  9.000  0.000  3.000  10.000  0.000  5.346 t
 1.435547 s  3.000  10.000  0.000  2.000  10.000  0.000  2.525 b
 2.131831 s  3.506  9.472 -0.378  4.500  9.500 -0.473  2.500 b
 0.688016 s  3.506  9.472 -0.378  4.000  10.000  0.000  25.453 t
 0.618039 s  4.000  9.000  0.000  4.000  10.000  0.000  7.503 t
 1.005843 s  3.000  10.000  0.000  4.000  10.000  0.000  2.533 b
 1.410216 s  4.500  9.500 -0.473  4.000  10.000  0.000  2.552 b
 1.350106 s  4.500  9.500 -0.473  5.000  10.000  0.000  2.511 b
 0.618039 s  5.000  9.000  0.000  5.000  10.000  0.000  7.167 t
 0.618039 s  4.000  10.000  0.000  5.000  10.000  0.000  7.183 t
total structure mass: 543.687 kg
max structural displacement: 6.449 mm