52870  0.7842  588.954  115.406  2.500
52880  0.7842  588.954  115.406  2.500
User halted the optimization.
solution fitness:  0.784230
iterations: 52887
ele_dia(cm), material code, n1 coord(m), n2 coord(m), FOS,fMode
 1.389487 s  0.500  0.500 -0.473  1.000  0.000  0.000  2.661 b
 1.039915 s  1.000  0.000  0.000  0.000  0.000  0.000  20.182 t
 1.993626 s  0.500  0.500 -0.473  0.000  0.000  0.000  11.902 b
 0.618039 s  0.000  0.000  0.000  0.000  1.000  0.000  7.107 t
 2.009081 s  0.500  0.500 -0.473  0.000  1.000  0.000  2.667 b
 2.294976 s  0.500  0.500 -0.473  1.000  1.000  0.000  2.512 b
 0.618039 s  1.000  0.000  0.000  1.000  1.000  0.000  7.169 t
 0.699879 s  0.000  1.000  0.000  1.000  1.000  0.000  2.772 b
 1.421963 s  3.533  0.549 -0.416  3.000  0.000  0.000  2.783 b
 0.891333 s  3.000  0.000  0.000  2.565  0.564 -0.424  4.831 b
 1.708336 s  3.533  0.549 -0.416  2.565  0.564 -0.424  23.129 t
 1.398215 s  2.565  0.564 -0.424  2.000  0.000  0.000  58.306 b
 1.364082 s  2.000  0.000  0.000  1.491  0.517 -0.412  2.508 b
 1.602776 s  2.565  0.564 -0.424  1.491  0.517 -0.412  24.631 t
 1.278361 s  1.515  1.445 -0.399  2.000  1.000  0.000  16.875 t
 1.726769 s  1.491  0.517 -0.412  2.000  1.000  0.000  2.633 b
 1.460559 s  1.491  0.517 -0.412  1.515  1.445 -0.399  2.577 b
 1.450498 s  2.460  1.468 -0.424  3.000  1.000  0.000  21.507 t
 1.505492 s  2.565  0.564 -0.424  3.000  1.000  0.000  64.402 b
 0.981122 s  2.565  0.564 -0.424  2.460  1.468 -0.424  6.028 b
 0.863851 s  1.000  0.000  0.000  2.000  0.000  0.000  4.585 b
 0.618039 s  1.000  0.000  0.000  1.491  0.517 -0.412  65.562 t
 1.698890 s  1.000  1.000  0.000  1.491  0.517 -0.412  9.168 t
 0.744814 s  2.000  0.000  0.000  2.000  1.000  0.000  8.572 t
 2.191768 s  1.000  1.000  0.000  2.000  1.000  0.000  2.758 b
 1.367443 s  2.565  0.564 -0.424  2.000  1.000  0.000  75.587 t
 1.798442 s  3.533  0.549 -0.416  3.000  1.000  0.000  3.092 b
 0.618039 s  1.000  1.000  0.000  1.515  1.445 -0.399  167.600 t
 0.618039 s  2.000  1.000  0.000  2.460  1.468 -0.424  13.907 t
 1.344967 s  3.000  0.000  0.000  2.000  0.000  0.000  2.566 b
 0.618039 s  3.000  0.000  0.000  3.000  1.000  0.000  5.662 t
 2.312693 s  2.000  1.000  0.000  3.000  1.000  0.000  2.591 b
 1.571583 s  4.500  0.500 -0.473  4.000  0.000  0.000  4.244 b
 1.228162 s  3.533  0.549 -0.416  4.000  0.000  0.000  153.855 t
 1.941162 s  3.533  0.549 -0.416  4.500  0.500 -0.473  2.516 b
 1.778948 s  4.478  1.340 -0.402  5.000  1.000  0.000  12.267 t
 1.899591 s  4.500  0.500 -0.473  5.000  1.000  0.000  2.613 b
 2.955069 s  4.500  0.500 -0.473  4.478  1.340 -0.402  3.544 b
 1.140224 s  3.587  1.462 -0.285  4.000  1.000  0.000  336.866 t
 1.827483 s  3.533  0.549 -0.416  4.000  1.000  0.000  10.163 t
 1.515150 s  3.533  0.549 -0.416  3.587  1.462 -0.285  2.575 b
 0.828862 s  3.000  0.000  0.000  4.000  0.000  0.000  2.516 b
 0.678517 s  4.000  0.000  0.000  4.000  1.000  0.000  8.694 t
 2.175462 s  3.000  1.000  0.000  4.000  1.000  0.000  2.840 b
 2.569934 s  4.500  0.500 -0.473  4.000  1.000  0.000  3.636 b
 0.962528 s  3.000  1.000  0.000  3.587  1.462 -0.285  9.640 t
 1.813470 s  4.478  1.340 -0.402  4.000  1.000  0.000  8.091 t
 1.373684 s  4.500  0.500 -0.473  5.000  0.000  0.000  2.692 b
 0.618039 s  4.000  0.000  0.000  5.000  0.000  0.000  7.174 t
 0.868574 s  5.000  1.000  0.000  5.000  0.000  0.000  14.086 t
 0.618039 s  5.000  1.000  0.000  4.000  1.000  0.000  17.910 t
 1.830766 s  1.000  1.000  0.000  0.556  1.363 -0.402  9.230 t
 1.256450 s  1.515  1.445 -0.399  0.556  1.363 -0.402  2.609 b
 1.774405 s  1.515  1.445 -0.399  1.000  2.000  0.000  19.839 t
 2.263390 s  0.556  1.363 -0.402  1.000  2.000  0.000  2.676 b
 2.020900 s  0.000  1.000  0.000  0.556  1.363 -0.402  11.556 t
 2.792395 s  0.500  0.500 -0.473  0.556  1.363 -0.402  2.863 b
 1.999213 s  0.500  0.500 -0.473  1.491  0.517 -0.412  2.551 b
 2.142928 s  0.000  1.000  0.000  0.000  2.000  0.000  3.025 b
 2.154237 s  0.556  1.363 -0.402  0.000  2.000  0.000  2.557 b
 2.134215 s  1.000  1.000  0.000  1.000  2.000  0.000  2.661 b
 0.618039 s  1.000  2.000  0.000  0.000  2.000  0.000  3.457 t
 1.814412 s  3.587  1.462 -0.285  3.000  2.000  0.000  2.559 b
 1.260128 s  2.460  1.468 -0.424  3.587  1.462 -0.285  24.259 t
 1.208194 s  2.460  1.468 -0.424  3.000  2.000  0.000  2.577 b
 1.444075 s  1.515  1.445 -0.399  2.460  1.468 -0.424  16.415 t
 1.794931 s  1.566  2.488 -0.367  2.000  2.000  0.000  28.711 t
 1.730835 s  1.515  1.445 -0.399  2.000  2.000  0.000  2.531 b
 0.618039 s  1.515  1.445 -0.399  1.566  2.488 -0.367  37.920 t
 1.125158 s  1.000  2.000  0.000  1.566  2.488 -0.367  18.563 t
 1.639143 s  2.000  1.000  0.000  2.000  2.000  0.000  2.505 b
 1.734093 s  1.000  2.000  0.000  2.000  2.000  0.000  2.643 b
 1.504932 s  2.460  1.468 -0.424  2.000  2.000  0.000  4.741 b
 1.307973 s  3.000  2.000  0.000  3.571  2.610 -0.439  10.849 t
 0.618039 s  3.587  1.462 -0.285  3.571  2.610 -0.439  16.074 t
 0.729717 s  3.000  2.000  0.000  2.502  2.533 -0.454  775.309 t
 1.651197 s  2.460  1.468 -0.424  2.502  2.533 -0.454  17.867 t
 1.752053 s  3.000  1.000  0.000  3.000  2.000  0.000  2.521 b
 1.951020 s  3.000  2.000  0.000  2.000  2.000  0.000  2.690 b
 1.892180 s  4.478  1.340 -0.402  3.587  1.462 -0.285  5.508 b
 1.659238 s  2.000  2.000  0.000  2.502  2.533 -0.454  26.282 t
 0.980252 s  3.571  2.610 -0.439  4.000  2.000  0.000  14.159 t
 1.136494 s  3.587  1.462 -0.285  4.000  2.000  0.000  11.723 t
 2.196073 s  4.000  1.000  0.000  4.000  2.000  0.000  2.683 b
 1.764724 s  3.000  2.000  0.000  4.000  2.000  0.000  2.523 b
 2.158816 s  4.478  1.340 -0.402  4.000  2.000  0.000  2.507 b
 1.800679 s  4.485  2.433 -0.346  5.000  2.000  0.000  8.979 t
 2.198328 s  4.478  1.340 -0.402  5.000  2.000  0.000  2.660 b
 2.339087 s  4.478  1.340 -0.402  4.485  2.433 -0.346  2.884 b
 1.941730 s  5.000  1.000  0.000  5.000  2.000  0.000  2.710 b
 0.998576 s  4.000  2.000  0.000  5.000  2.000  0.000  26.774 t
 1.554433 s  4.000  2.000  0.000  4.485  2.433 -0.346  11.066 t
 2.250436 s  1.000  2.000  0.000  0.458  2.469 -0.402  17.898 t
 0.618039 s  1.566  2.488 -0.367  0.458  2.469 -0.402  68.199 t
 0.959480 s  0.000  3.000  0.000  0.547  3.476 -0.521  8.245 t
 2.175619 s  0.458  2.469 -0.402  0.547  3.476 -0.521  11.502 t
 1.694325 s  0.458  2.469 -0.402  0.000  3.000  0.000  2.652 b
 0.714404 s  0.547  3.476 -0.521  1.000  3.000  0.000  10.736 t
 1.992350 s  0.458  2.469 -0.402  1.000  3.000  0.000  4.120 b
 1.609199 s  0.000  2.000  0.000  0.458  2.469 -0.402  8.808 t
 2.589224 s  0.000  2.000  0.000  0.000  3.000  0.000  2.597 b
 2.642803 s  1.000  2.000  0.000  1.000  3.000  0.000  2.543 b
 0.823245 s  0.000  3.000  0.000  1.000  3.000  0.000  10.296 t
 1.201632 s  1.566  2.488 -0.367  1.000  3.000  0.000  387.927 t
 1.285113 s  1.566  2.488 -0.367  2.502  2.533 -0.454  23.576 t
 0.783515 s  2.000  3.000  0.000  2.509  3.470 -0.539  3.050 b
 1.529293 s  2.502  2.533 -0.454  2.509  3.470 -0.539  9.219 t
 1.382229 s  2.502  2.533 -0.454  2.000  3.000  0.000  4.745 b
 1.072684 s  2.000  3.000  0.000  1.495  3.505 -0.473  16.031 t
 1.371335 s  1.566  2.488 -0.367  2.000  3.000  0.000  2.565 b
 1.271089 s  1.566  2.488 -0.367  1.495  3.505 -0.473  8.239 t
 2.275249 s  2.000  2.000  0.000  2.000  3.000  0.000  2.665 b
 1.564877 s  1.000  3.000  0.000  2.000  3.000  0.000  2.629 b
 1.513447 s  3.571  2.610 -0.439  2.502  2.533 -0.454  20.725 t
 1.642743 s  1.000  3.000  0.000  1.495  3.505 -0.473  40.262 t
 1.024648 s  3.521  3.520 -0.561  4.000  3.000  0.000  28.869 t
 1.721139 s  3.571  2.610 -0.439  4.000  3.000  0.000  2175.850 t
 1.518074 s  3.571  2.610 -0.439  3.521  3.520 -0.561  8.539 t
 0.923549 s  2.502  2.533 -0.454  3.000  3.000  0.000  2.889 b
 2.276350 s  3.000  2.000  0.000  3.000  3.000  0.000  2.611 b
 1.492710 s  2.000  3.000  0.000  3.000  3.000  0.000  2.512 b
 1.522349 s  3.571  2.610 -0.439  3.000  3.000  0.000  2.689 b
 1.269304 s  3.571  2.610 -0.439  4.485  2.433 -0.346  18.869 t
 0.618039 s  3.567  4.562 -0.594  4.000  4.000  0.000  3.142 b
 1.113769 s  3.521  3.520 -0.561  4.000  4.000  0.000  2.918 b
 1.802890 s  3.521  3.520 -0.561  3.567  4.562 -0.594  8.286 t
 0.618039 s  2.509  3.470 -0.539  3.000  3.000  0.000  171.877 t
 2.622029 s  4.000  2.000  0.000  4.000  3.000  0.000  2.586 b
 1.249123 s  4.000  3.000  0.000  3.000  3.000  0.000  3.179 b
 1.758953 s  4.485  2.433 -0.346  4.000  3.000  0.000  2.534 b
 0.814168 s  3.521  3.520 -0.561  3.000  3.000  0.000  11.254 t
 1.245778 s  4.461  3.600 -0.516  5.000  3.000  0.000  12.473 t
 1.886518 s  4.485  2.433 -0.346  5.000  3.000  0.000  3.069 b
 1.678093 s  4.485  2.433 -0.346  4.461  3.600 -0.516  10.281 t
 2.646702 s  5.000  2.000  0.000  5.000  3.000  0.000  3.000 b
 0.618039 s  4.000  3.000  0.000  5.000  3.000  0.000  3.510 t
 1.046245 s  4.000  3.000  0.000  4.461  3.600 -0.516  15.014 t
 1.004764 s  0.547  3.476 -0.521  1.495  3.505 -0.473  25.232 t
 0.989801 s  1.495  3.505 -0.473  1.000  4.000  0.000  2.563 b
 1.421099 s  0.547  3.476 -0.521  1.000  4.000  0.000  2.820 b
 0.792374 s  1.000  4.000  0.000  0.567  4.585 -0.541  46.256 t
 2.257473 s  0.547  3.476 -0.521  0.567  4.585 -0.541  8.219 t
 2.775729 s  0.000  3.000  0.000  0.000  4.000  0.000  2.742 b
 1.569280 s  0.547  3.476 -0.521  0.000  4.000  0.000  2.764 b
 2.782656 s  1.000  3.000  0.000  1.000  4.000  0.000  2.517 b
 0.618039 s  1.000  4.000  0.000  0.000  4.000  0.000  6.863 t
 0.905686 s  2.509  3.470 -0.539  3.521  3.520 -0.561  14.865 t
 1.048248 s  2.509  3.470 -0.539  1.495  3.505 -0.473  17.061 t
 0.760083 s  0.567  4.585 -0.541  0.000  4.000  0.000  16.020 t
 1.455725 s  1.515  4.429 -0.507  2.000  4.000  0.000  46.560 t
 1.415043 s  1.495  3.505 -0.473  2.000  4.000  0.000  2.515 b
 2.103770 s  1.495  3.505 -0.473  1.515  4.429 -0.507  12.365 t
 2.411620 s  2.000  3.000  0.000  2.000  4.000  0.000  2.577 b
 0.618039 s  1.000  4.000  0.000  2.000  4.000  0.000  23.245 t
 1.116923 s  2.509  3.470 -0.539  2.000  4.000  0.000  3.288 b
 1.448500 s  3.521  3.520 -0.561  3.000  4.000  0.000  2.794 b
 0.750238 s  2.509  3.470 -0.539  3.000  4.000  0.000  3.041 b
 0.618039 s  3.000  4.000  0.000  2.479  4.528 -0.538  8.396 b
 1.459920 s  2.509  3.470 -0.539  2.479  4.528 -0.538  8.071 t
 0.897207 s  3.000  5.000  0.000  3.572  5.500 -0.548  2.754 b
 2.151015 s  3.567  4.562 -0.594  3.572  5.500 -0.548  10.576 t
 1.284442 s  3.567  4.562 -0.594  3.000  5.000  0.000  2.964 b
 2.402985 s  3.000  3.000  0.000  3.000  4.000  0.000  2.632 b
 0.618039 s  2.000  4.000  0.000  3.000  4.000  0.000  2.857 b
 0.956453 s  3.521  3.520 -0.561  4.461  3.600 -0.516  1576.064 t
 1.564070 s  4.000  4.000  0.000  4.461  3.600 -0.516  3.294 b
 0.734872 s  2.000  4.000  0.000  2.479  4.528 -0.538  3.212 b
 0.618039 s  3.567  4.562 -0.594  3.000  4.000  0.000  20.174 t
 2.841975 s  4.000  3.000  0.000  4.000  4.000  0.000  2.760 b
 1.046890 s  4.000  4.000  0.000  3.000  4.000  0.000  29.115 t
 0.982627 s  4.384  4.496 -0.486  5.000  4.000  0.000  27.498 t
 1.450098 s  4.461  3.600 -0.516  5.000  4.000  0.000  2.608 b
 2.199703 s  4.461  3.600 -0.516  4.384  4.496 -0.486  9.257 t
 2.878954 s  5.000  3.000  0.000  5.000  4.000  0.000  3.098 b
 0.618039 s  4.000  4.000  0.000  5.000  4.000  0.000  7.456 t
 1.386462 s  4.000  4.000  0.000  4.384  4.496 -0.486  19.423 t
 1.058267 s  0.000  5.000  0.000  0.539  5.534 -0.528  2.522 b
 2.607285 s  0.567  4.585 -0.541  0.539  5.534 -0.528  9.892 t
 1.377919 s  0.567  4.585 -0.541  0.000  5.000  0.000  3.750 b
 0.994550 s  1.515  4.429 -0.507  1.000  5.000  0.000  3.124 b
 0.618039 s  0.567  4.585 -0.541  1.515  4.429 -0.507  24.891 t
 1.129508 s  0.567  4.585 -0.541  1.000  5.000  0.000  8.887 b
 0.618039 s  1.000  4.000  0.000  1.515  4.429 -0.507  21.289 t
 1.256278 s  0.539  5.534 -0.528  1.000  5.000  0.000  2.731 b
 3.034368 s  0.000  4.000  0.000  0.000  5.000  0.000  3.579 b
 2.872984 s  1.000  4.000  0.000  1.000  5.000  0.000  2.648 b
 1.070419 s  0.000  5.000  0.000  1.000  5.000  0.000  20.700 t
 0.759630 s  1.515  4.429 -0.507  2.479  4.528 -0.538  24.376 t
 0.618039 s  2.479  4.528 -0.538  2.000  5.000  0.000  321.930 t
 1.239157 s  1.515  4.429 -0.507  2.000  5.000  0.000  3.433 b
 0.943444 s  2.000  5.000  0.000  1.503  5.477 -0.544  2.694 b
 2.087257 s  1.515  4.429 -0.507  1.503  5.477 -0.544  10.312 t
 0.618039 s  1.000  5.000  0.000  1.503  5.477 -0.544  323.283 t
 2.492476 s  2.000  4.000  0.000  2.000  5.000  0.000  2.541 b
 0.802545 s  1.000  5.000  0.000  2.000  5.000  0.000  23.734 t
 0.618039 s  3.567  4.562 -0.594  2.479  4.528 -0.538  17.680 t
 0.997581 s  3.000  5.000  0.000  2.449  5.460 -0.526  2.840 b
 0.618039 s  2.479  4.528 -0.538  3.000  5.000  0.000  167.369 t
 1.641620 s  2.479  4.528 -0.538  2.449  5.460 -0.526  10.375 t
 0.618039 s  2.000  6.000  0.000  2.508  6.531 -0.416  2.675 b
 1.462331 s  2.449  5.460 -0.526  2.508  6.531 -0.416  9.815 t
 1.147863 s  2.449  5.460 -0.526  2.000  6.000  0.000  64.344 t
 2.434788 s  3.000  4.000  0.000  3.000  5.000  0.000  2.508 b
 0.618039 s  3.000  5.000  0.000  2.000  5.000  0.000  40.768 t
 1.393059 s  3.567  4.562 -0.594  4.384  4.496 -0.486  73.831 t
 1.061888 s  2.000  5.000  0.000  2.449  5.460 -0.526  3.119 b
 0.618039 s  3.572  5.500 -0.548  4.000  5.000  0.000  8.324 b
 0.916070 s  3.567  4.562 -0.594  4.000  5.000  0.000  2.622 b
 2.902619 s  4.000  4.000  0.000  4.000  5.000  0.000  2.657 b
 1.162431 s  3.000  5.000  0.000  4.000  5.000  0.000  36.298 t
 1.621950 s  4.384  4.496 -0.486  4.000  5.000  0.000  33395.547 t
 1.288880 s  4.434  5.500 -0.545  5.000  5.000  0.000  2.705 b
 1.131919 s  4.384  4.496 -0.486  5.000  5.000  0.000  2.536 b
 2.565726 s  4.384  4.496 -0.486  4.434  5.500 -0.545  10.628 t
 2.978525 s  5.000  4.000  0.000  5.000  5.000  0.000  3.315 b
 0.960859 s  4.000  5.000  0.000  5.000  5.000  0.000  15.502 t
 1.481311 s  4.000  5.000  0.000  4.434  5.500 -0.545  5.093 b
 0.618039 s  3.572  5.500 -0.548  4.434  5.500 -0.545  245.898 t
 1.266382 s  0.539  5.534 -0.528  1.503  5.477 -0.544  53.165 t
 1.743436 s  0.477  7.585 -0.357  1.000  7.000  0.000  2.665 b
 0.850101 s  1.000  7.000  0.000  0.546  6.522 -0.512  13.923 t
 2.002265 s  0.477  7.585 -0.357  0.546  6.522 -0.512  11.361 t
 1.293622 s  0.546  6.522 -0.512  1.000  6.000  0.000  2.513 b
 0.618039 s  0.539  5.534 -0.528  1.000  6.000  0.000  33.345 t
 2.236514 s  0.539  5.534 -0.528  0.546  6.522 -0.512  8.461 t
 2.823075 s  0.000  5.000  0.000  0.000  6.000  0.000  2.654 b
 1.307455 s  0.539  5.534 -0.528  0.000  6.000  0.000  21.991 t
 2.899422 s  1.000  5.000  0.000  1.000  6.000  0.000  2.782 b
 0.618039 s  1.000  6.000  0.000  0.000  6.000  0.000  6.479 t
 0.759950 s  1.503  5.477 -0.544  1.000  6.000  0.000  4.054 b
 0.805820 s  1.503  5.477 -0.544  2.449  5.460 -0.526  24.430 t
 1.724597 s  0.546  6.522 -0.512  0.000  6.000  0.000  2.971 b
 1.353357 s  2.000  6.000  0.000  1.524  6.410 -0.540  2.569 b
 0.618039 s  1.503  5.477 -0.544  2.000  6.000  0.000  2.932 b
 2.009822 s  1.503  5.477 -0.544  1.524  6.410 -0.540  9.696 t
 2.602485 s  2.000  5.000  0.000  2.000  6.000  0.000  3.024 b
 1.178339 s  2.000  6.000  0.000  1.000  6.000  0.000  33.747 t
 0.618039 s  3.572  5.500 -0.548  2.449  5.460 -0.526  32.892 t
 1.340180 s  2.508  6.531 -0.416  3.000  6.000  0.000  16.014 b
 0.618039 s  2.449  5.460 -0.526  3.000  6.000  0.000  87.596 t
 2.470195 s  3.000  5.000  0.000  3.000  6.000  0.000  2.638 b
 1.154797 s  2.000  6.000  0.000  3.000  6.000  0.000  3.861 b
 0.618039 s  3.572  5.500 -0.548  3.000  6.000  0.000  6.662 b
 0.618039 s  4.434  5.500 -0.545  4.000  6.000  0.000  244.014 t
 0.841521 s  3.572  5.500 -0.548  4.000  6.000  0.000  21.057 t
 1.398991 s  4.000  6.000  0.000  3.540  6.548 -0.521  5.808 b
 1.952933 s  3.572  5.500 -0.548  3.540  6.548 -0.521  9.264 t
 2.907605 s  4.000  5.000  0.000  4.000  6.000  0.000  2.734 b
 1.124274 s  3.000  6.000  0.000  4.000  6.000  0.000  59.622 t
 1.190528 s  1.000  7.000  0.000  1.524  6.410 -0.540  31.073 t
 0.618039 s  0.546  6.522 -0.512  1.524  6.410 -0.540  32.386 t
 1.398547 s  3.000  6.000  0.000  3.540  6.548 -0.521  2.603 b
 1.610086 s  4.433  6.470 -0.535  5.000  6.000  0.000  2.685 b
 1.355129 s  4.434  5.500 -0.545  5.000  6.000  0.000  31.022 t
 2.119806 s  4.434  5.500 -0.545  4.433  6.470 -0.535  8.678 t
 2.834683 s  5.000  5.000  0.000  5.000  6.000  0.000  2.747 b
 1.433764 s  4.000  6.000  0.000  5.000  6.000  0.000  35.956 t
 1.659436 s  4.000  6.000  0.000  4.433  6.470 -0.535  6.756 b
 0.941313 s  1.000  6.000  0.000  1.524  6.410 -0.540  2.573 b
 1.448537 s  1.606  7.415 -0.499  2.000  7.000  0.000  2.523 b
 1.161336 s  1.524  6.410 -0.540  2.000  7.000  0.000  21.470 t
 1.696494 s  1.524  6.410 -0.540  1.606  7.415 -0.499  9.932 t
 2.891805 s  0.000  6.000  0.000  0.000  7.000  0.000  3.343 b
 1.111279 s  0.546  6.522 -0.512  0.000  7.000  0.000  9.472 t
 2.888847 s  1.000  7.000  0.000  1.000  6.000  0.000  2.885 b
 1.758742 s  1.000  7.000  0.000  0.000  7.000  0.000  33.880 t
 0.865926 s  2.508  6.531 -0.416  1.524  6.410 -0.540  23.321 t
 1.143085 s  4.433  6.470 -0.535  4.000  7.000  0.000  21.959 t
 0.618039 s  3.540  6.548 -0.521  4.433  6.470 -0.535  624.916 t
 1.402346 s  3.540  6.548 -0.521  4.000  7.000  0.000  37.324 t
 1.935962 s  0.477  7.585 -0.357  0.000  7.000  0.000  3.342 b
 2.435218 s  2.000  6.000  0.000  2.000  7.000  0.000  2.527 b
 1.124853 s  1.000  7.000  0.000  2.000  7.000  0.000  2.759 b
 0.618039 s  2.508  6.531 -0.416  2.000  7.000  0.000  8.586 t
 1.156255 s  2.508  6.531 -0.416  3.540  6.548 -0.521  23.832 t
 1.134540 s  1.000  7.000  0.000  1.606  7.415 -0.499  4.041 b
 1.174394 s  4.000  7.000  0.000  3.565  7.481 -0.436  5.249 b
 1.669541 s  3.540  6.548 -0.521  3.565  7.481 -0.436  9.516 t
 0.960371 s  2.508  6.531 -0.416  3.000  7.000  0.000  21.625 t
 2.431454 s  3.000  6.000  0.000  3.000  7.000  0.000  2.721 b
 1.484256 s  2.000  7.000  0.000  3.000  7.000  0.000  2.713 b
 0.842862 s  3.540  6.548 -0.521  3.000  7.000  0.000  20.476 t
 1.373054 s  3.000  7.000  0.000  2.482  7.520 -0.433  5.565 b
 1.258686 s  2.508  6.531 -0.416  2.482  7.520 -0.433  10.027 t
 2.803490 s  4.000  6.000  0.000  4.000  7.000  0.000  2.550 b
 1.024286 s  4.000  7.000  0.000  3.000  7.000  0.000  3.471 b
 1.523818 s  3.565  7.481 -0.436  3.000  7.000  0.000  2.511 b
 1.738103 s  4.467  7.504 -0.381  5.000  7.000  0.000  2.543 b
 1.231883 s  4.433  6.470 -0.535  5.000  7.000  0.000  12.701 t
 1.938661 s  4.433  6.470 -0.535  4.467  7.504 -0.381  12.613 t
 2.750632 s  5.000  6.000  0.000  5.000  7.000  0.000  2.696 b
 0.897050 s  4.000  7.000  0.000  5.000  7.000  0.000  8.329 t
 1.619869 s  4.000  7.000  0.000  4.467  7.504 -0.381  2.549 b
 0.856582 s  3.565  7.481 -0.436  2.482  7.520 -0.433  11.318 t
 1.074089 s  2.000  7.000  0.000  2.482  7.520 -0.433  3.893 b
 0.618039 s  0.477  7.585 -0.357  1.606  7.415 -0.499  89.207 t
 1.872288 s  1.409  8.508 -0.324  2.000  8.000  0.000  2.563 b
 1.402263 s  1.606  7.415 -0.499  2.000  8.000  0.000  13.343 t
 0.943101 s  1.606  7.415 -0.499  1.409  8.508 -0.324  16.712 t
 2.200537 s  0.577  8.585 -0.391  1.000  8.000  0.000  2.977 b
 1.729388 s  0.477  7.585 -0.357  1.000  8.000  0.000  11.773 t
 2.036481 s  0.477  7.585 -0.357  0.577  8.585 -0.391  2.558 b
 2.504521 s  0.000  7.000  0.000  0.000  8.000  0.000  2.573 b
 1.853294 s  0.477  7.585 -0.357  0.000  8.000  0.000  11.352 t
 2.650604 s  1.000  7.000  0.000  1.000  8.000  0.000  2.539 b
 0.618039 s  1.000  8.000  0.000  0.000  8.000  0.000  3.877 t
 0.943896 s  1.606  7.415 -0.499  1.000  8.000  0.000  15.282 t
 0.787868 s  2.482  7.520 -0.433  2.000  8.000  0.000  24.017 t
 1.371963 s  1.606  7.415 -0.499  2.482  7.520 -0.433  28.217 t
 2.114329 s  0.577  8.585 -0.391  0.000  8.000  0.000  2.575 b
 2.282614 s  1.409  8.508 -0.324  1.000  8.000  0.000  30.267 t
 2.301594 s  2.000  7.000  0.000  2.000  8.000  0.000  2.658 b
 1.834579 s  2.000  8.000  0.000  1.000  8.000  0.000  3.557 b
 1.716931 s  1.409  8.508 -0.324  0.577  8.585 -0.391  2.788 b
 1.455796 s  3.565  7.481 -0.436  3.000  8.000  0.000  13.935 t
 0.919913 s  2.482  7.520 -0.433  3.000  8.000  0.000  20.937 t
 1.898133 s  3.000  8.000  0.000  3.581  8.450 -0.367  3.357 b
 0.990096 s  3.565  7.481 -0.436  3.581  8.450 -0.367  17.072 t
 1.152672 s  3.000  8.000  0.000  2.480  8.558 -0.372  2.560 b
 1.214184 s  2.482  7.520 -0.433  2.480  8.558 -0.372  16.720 t
 2.277786 s  3.000  7.000  0.000  3.000  8.000  0.000  2.764 b
 1.997542 s  2.000  8.000  0.000  3.000  8.000  0.000  2.521 b
 1.440803 s  3.565  7.481 -0.436  4.467  7.504 -0.381  37.687 t
 1.212745 s  2.000  8.000  0.000  2.480  8.558 -0.372  3.187 b
 2.122791 s  4.483  8.623 -0.407  5.000  8.000  0.000  2.522 b
 1.717824 s  4.467  7.504 -0.381  5.000  8.000  0.000  8.174 t
 2.174366 s  4.467  7.504 -0.381  4.483  8.623 -0.407  2.537 b
 1.066400 s  3.565  7.481 -0.436  4.000  8.000  0.000  16.946 t
 2.651864 s  4.000  7.000  0.000  4.000  8.000  0.000  2.522 b
 1.815098 s  3.000  8.000  0.000  4.000  8.000  0.000  2.547 b
 1.443594 s  4.467  7.504 -0.381  4.000  8.000  0.000  9.969 t
 1.316748 s  3.581  8.450 -0.367  4.000  8.000  0.000  17.169 t
 2.542342 s  5.000  7.000  0.000  5.000  8.000  0.000  2.527 b
 0.618039 s  5.000  8.000  0.000  4.000  8.000  0.000  8.392 t
 2.135450 s  4.483  8.623 -0.407  4.000  8.000  0.000  2.502 b
 0.815293 s  1.409  8.508 -0.324  2.480  8.558 -0.372  32.707 t
 2.373600 s  0.500  9.500 -0.473  1.000  9.000  0.000  3.010 b
 2.157653 s  0.577  8.585 -0.391  1.000  9.000  0.000  10.433 t
 2.863203 s  0.577  8.585 -0.391  0.500  9.500 -0.473  2.661 b
 1.913715 s  0.500  9.500 -0.473  0.000  9.000  0.000  2.737 b
 1.311991 s  0.577  8.585 -0.391  0.000  9.000  0.000  6.093 t
 1.936126 s  0.000  8.000  0.000  0.000  9.000  0.000  2.504 b
 2.258372 s  1.000  8.000  0.000  1.000  9.000  0.000  2.620 b
 0.915635 s  1.000  9.000  0.000  0.000  9.000  0.000  15.007 b
 0.618039 s  1.409  8.508 -0.324  1.000  9.000  0.000  82.422 t
 1.483998 s  3.581  8.450 -0.367  3.000  9.000  0.000  11.525 t
 0.618039 s  3.581  8.450 -0.367  2.480  8.558 -0.372  15.308 t
 0.859228 s  2.480  8.558 -0.372  3.000  9.000  0.000  14.538 t
 1.820185 s  1.381  9.427 -0.329  2.000  9.000  0.000  2.524 b
 1.398976 s  1.409  8.508 -0.324  2.000  9.000  0.000  16.718 t
 1.459276 s  1.409  8.508 -0.324  1.381  9.427 -0.329  3.231 b
 1.535987 s  3.534  9.322 -0.367  4.000  9.000  0.000  8.862 t
 0.618039 s  3.581  8.450 -0.367  4.000  9.000  0.000  4.072 b
 1.532456 s  3.581  8.450 -0.367  3.534  9.322 -0.367  2.733 b
 1.728759 s  2.000  8.000  0.000  2.000  9.000  0.000  2.577 b
 1.968967 s  1.000  9.000  0.000  2.000  9.000  0.000  2.583 b
 1.674765 s  3.581  8.450 -0.367  4.483  8.623 -0.407  3.954 b
 1.467785 s  1.000  9.000  0.000  1.381  9.427 -0.329  10.237 t
 0.865863 s  3.000  9.000  0.000  2.519  9.461 -0.302  41.512 t
 1.632114 s  2.480  8.558 -0.372  2.519  9.461 -0.302  12.449 b
 0.997340 s  2.480  8.558 -0.372  2.000  9.000  0.000  17.189 t
 1.776074 s  3.000  8.000  0.000  3.000  9.000  0.000  2.728 b
 2.267639 s  3.000  9.000  0.000  2.000  9.000  0.000  2.665 b
 2.047579 s  4.483  8.623 -0.407  4.000  9.000  0.000  9.890 t
 0.618039 s  2.000  9.000  0.000  2.519  9.461 -0.302  48.424 t
 1.721896 s  3.000  9.000  0.000  3.534  9.322 -0.367  2.593 b
 2.273727 s  4.000  8.000  0.000  4.000  9.000  0.000  2.708 b
 2.055562 s  3.000  9.000  0.000  4.000  9.000  0.000  2.653 b
 2.027113 s  4.500  9.500 -0.473  5.000  9.000  0.000  3.392 b
 1.696646 s  4.483  8.623 -0.407  5.000  9.000  0.000  11.067 t
 2.821551 s  4.483  8.623 -0.407  4.500  9.500 -0.473  2.855 b
 1.927360 s  5.000  8.000  0.000  5.000  9.000  0.000  2.530 b
 0.618039 s  4.000  9.000  0.000  5.000  9.000  0.000  15.206 t
 2.386175 s  4.000  9.000  0.000  4.500  9.500 -0.473  2.885 b
 2.137942 s  0.500  9.500 -0.473  1.381  9.427 -0.329  2.824 b
 1.496551 s  3.534  9.322 -0.367  3.000  10.000  0.000  2.537 b
 0.618039 s  3.534  9.322 -0.367  2.519  9.461 -0.302  8.674 b
 0.966072 s  2.519  9.461 -0.302  3.000  10.000  0.000  3.641 b
 1.981050 s  0.556  1.363 -0.402  0.458  2.469 -0.402  2.504 b
 0.717616 s  0.000  9.000  0.000  0.000  10.000  0.000  9.646 t
 1.409143 s  0.500  9.500 -0.473  0.000  10.000  0.000  2.980 b
 1.346713 s  0.500  9.500 -0.473  1.000  10.000  0.000  2.500 b
 0.867484 s  1.000  9.000  0.000  1.000  10.000  0.000  13.858 t
 0.618039 s  0.000  10.000  0.000  1.000  10.000  0.000  7.176 t
 0.618039 s  1.381  9.427 -0.329  1.000  10.000  0.000  50.097 b
 0.618039 s  1.381  9.427 -0.329  2.519  9.461 -0.302  100.450 t
 1.555151 s  1.381  9.427 -0.329  2.000  10.000  0.000  2.792 b
 0.618039 s  2.000  9.000  0.000  2.000  10.000  0.000  4.293 t
 0.618039 s  1.000  10.000  0.000  2.000  10.000  0.000  582.117 t
 0.812328 s  2.519  9.461 -0.302  2.000  10.000  0.000  2.514 b
 0.618039 s  3.000  9.000  0.000  3.000  10.000  0.000  4.077 t
 1.420202 s  3.000  10.000  0.000  2.000  10.000  0.000  2.599 b
 2.272103 s  3.534  9.322 -0.367  4.500  9.500 -0.473  2.696 b
 1.142010 s  3.534  9.322 -0.367  4.000  10.000  0.000  46.372 t
 0.618039 s  4.000  9.000  0.000  4.000  10.000  0.000  8.432 t
 1.066253 s  3.000  10.000  0.000  4.000  10.000  0.000  2.504 b
 1.489486 s  4.500  9.500 -0.473  4.000  10.000  0.000  3.039 b
 1.353445 s  4.500  9.500 -0.473  5.000  10.000  0.000  2.535 b
 0.618039 s  5.000  9.000  0.000  5.000  10.000  0.000  7.167 t
 0.618039 s  4.000  10.000  0.000  5.000  10.000  0.000  7.183 t
total structure mass: 588.954 kg
max structural displacement: 6.372 mm