 9.677135 s  0.000  0.000  0.000  6.853 -0.006  6.380  1.004 b
 6.592141 a  0.000 -10.000  20.000  8.834 -2.635  19.171  20.972 t
 6.515431 a  0.000  10.000  20.000  9.007  2.433  19.011  20.242 t
 0.618039 t  6.853 -0.006  6.380  8.834 -2.635  19.171  242.524 t
 3.014540 a  8.834 -2.635  19.171  9.007  2.433  19.011  26.783 t
 0.618039 s  9.007  2.433  19.011  6.853 -0.006  6.380  32.244 t
 11.927693 a  6.853 -0.006  6.380  14.318 -0.050  13.383  1.003 b
 6.943919 a  8.834 -2.635  19.171  12.770 -0.353  19.171  39.498 t
 6.310322 a  9.007  2.433  19.011  12.746  0.246  19.342  36.217 t
 5.078497 a  14.318 -0.050  13.383  12.770 -0.353  19.171  149.941 t
 9.687928 a  12.770 -0.353  19.171  12.746  0.246  19.342  451.532 t
 3.378649 a  12.746  0.246  19.342  14.318 -0.050  13.383  1.080 b
 10.989665 a  14.318 -0.050  13.383  20.000  0.000  20.000  1.000 b
 6.873620 a  12.770 -0.353  19.171  20.000  0.000  20.000  31.914 t
 6.467927 a  12.746  0.246  19.342  20.000  0.000  20.000  30.206 t
 1.030671 a  0.000 -10.000  20.000  6.853 -0.006  6.380  9.621 t
 0.804377 a  0.000  10.000  20.000  6.853 -0.006  6.380  8.267 t
 0.978377 s  8.834 -2.635  19.171  14.318 -0.050  13.383  5.422 t
 2.224895 a  9.007  2.433  19.011  14.318 -0.050  13.383  14.355 t
 5.334617 a  8.834 -2.635  19.171  12.746  0.246  19.342  54.160 t
 3.893503 a  9.007  2.433  19.011  12.770 -0.353  19.171  27.073 t
 0.618039 a  0.000 -10.000  20.000  9.007  2.433  19.011  27.185 t
 0.618039 a  0.000  10.000  20.000  8.834 -2.635  19.171  28.662 t
